monge_1.jpg
0.126556,0.135892,0.202282,0.213693,0.21473,0.245851,0.276971,0.276971,0.315353,0.364108,0.41805,0.452282,0.452282,0.492739,0.546681,0.587137,0.588174,0.627593,0.677386,0.677386,0.71888,0.761411,0.813278,0.813278,0.837137
monge_10.jpg
0.110996,0.133817,0.180498,0.201245,0.201245,0.23444,0.26556,0.26556,0.306017,0.350622,0.414938,0.441909,0.441909,0.482365,0.546681,0.574689,0.574689,0.614108,0.675311,0.675311,0.721992,0.756224,0.809129,0.839212,0.840249
monge_101.jpg
0.105919,0.122534,0.172378,0.172378,0.173416,0.226376,0.261682,0.261682,0.303219,0.354102,0.410177,0.440291,0.441329,0.480789,0.539979,0.569055,0.570093,0.609553,0.67082,0.696781,0.697819,0.731049,0.794393,0.827622,0.82866
monge_102.jpg
0.0788382,0.0788382,0.0954357,0.134855,0.135892,0.167012,0.196058,0.197095,0.241701,0.273859,0.344398,0.368257,0.368257,0.407676,0.482365,0.509336,0.510373,0.547718,0.626556,0.674274,0.675311,0.708506,0.782158,0.815353,0.815353
monge_103.jpg
0.107884,0.107884,0.174274,0.175311,0.175311,0.212656,0.247925,0.247925,0.291494,0.3361,0.396266,0.427386,0.428423,0.474066,0.534232,0.565353,0.565353,0.609959,0.670124,0.71888,0.71888,0.752075,0.807054,0.840249,0.841286
monge_104.jpg
0.0715768,0.0715768,0.119295,0.119295,0.119295,0.155602,0.193983,0.193983,0.237552,0.272822,0.338174,0.360996,0.360996,0.396266,0.473029,0.5,0.5,0.532158,0.609959,0.65249,0.65249,0.690871,0.759336,0.794606,0.794606
monge_105.jpg
0.102697,0.118257,0.120332,0.155602,0.155602,0.196058,0.229253,0.229253,0.272822,0.322614,0.38278,0.417012,0.417012,0.462656,0.525934,0.558091,0.558091,0.603734,0.66805,0.702282,0.702282,0.748963,0.801867,0.838174,0.838174
monge_106.jpg
0.060166,0.0705394,0.0995851,0.123444,0.123444,0.165975,0.190871,0.190871,0.236515,0.286307,0.358921,0.38278,0.386929,0.430498,0.505187,0.532158,0.533195,0.574689,0.645228,0.673236,0.675311,0.717842,0.789419,0.818465,0.818465
monge_107.jpg
0.090249,0.0975104,0.146266,0.147303,0.147303,0.204357,0.235477,0.235477,0.280083,0.327801,0.381743,0.426349,0.428423,0.459544,0.517635,0.561203,0.561203,0.600622,0.658714,0.658714,0.706432,0.742739,0.811203,0.848548,0.849585
monge_108.jpg
0.0975104,0.109959,0.160788,0.174274,0.175311,0.206432,0.239627,0.239627,0.284232,0.320539,0.389004,0.411826,0.411826,0.454357,0.524896,0.547718,0.548755,0.591286,0.662863,0.688797,0.688797,0.727178,0.798755,0.821577,0.822614
monge_11.jpg
0.0684647,0.0860996,0.150415,0.150415,0.150415,0.195021,0.219917,0.219917,0.261411,0.322614,0.360996,0.40249,0.404564,0.44917,0.489627,0.541494,0.543568,0.584025,0.631743,0.631743,0.679461,0.720954,0.791494,0.813278,0.814315
monge_110.jpg
0.0757261,0.0892116,0.140042,0.156639,0.157676,0.188797,0.225104,0.225104,0.268672,0.307054,0.381743,0.403527,0.403527,0.445021,0.520747,0.546681,0.546681,0.585062,0.661826,0.686722,0.686722,0.727178,0.799793,0.824689,0.824689
monge_111.jpg
0.0829876,0.0881743,0.112033,0.145228,0.145228,0.172199,0.213693,0.213693,0.258299,0.306017,0.374481,0.403527,0.404564,0.442946,0.516598,0.547718,0.548755,0.5861,0.659751,0.691909,0.692946,0.726141,0.797718,0.828838,0.828838
monge_112.jpg
0.0591286,0.0715768,0.124481,0.144191,0.145228,0.176349,0.212656,0.212656,0.261411,0.292531,0.368257,0.393154,0.393154,0.432573,0.511411,0.53527,0.536307,0.576764,0.651452,0.677386,0.677386,0.720954,0.792531,0.822614,0.823651
monge_114.jpg
0.0840249,0.10166,0.14834,0.173237,0.173237,0.20332,0.240664,0.240664,0.284232,0.321577,0.387967,0.415975,0.417012,0.451245,0.523859,0.552905,0.553942,0.592324,0.661826,0.686722,0.686722,0.728216,0.797718,0.826764,0.826764
monge_115.jpg
0.0829876,0.102697,0.14834,0.174274,0.174274,0.207469,0.244813,0.244813,0.283195,0.33195,0.396266,0.424274,0.424274,0.461618,0.512448,0.556017,0.556017,0.60166,0.661826,0.713693,0.713693,0.743776,0.807054,0.837137,0.837137
monge_117.jpg
0.0591286,0.0736515,0.13278,0.143154,0.143154,0.184647,0.223029,0.223029,0.262448,0.311203,0.369295,0.411826,0.412863,0.446058,0.507261,0.547718,0.548755,0.582988,0.646266,0.646266,0.691909,0.732365,0.798755,0.827801,0.827801
monge_118.jpg
0.0860996,0.102697,0.153527,0.171162,0.171162,0.202282,0.238589,0.238589,0.28112,0.321577,0.390042,0.412863,0.4139,0.452282,0.525934,0.549793,0.549793,0.590249,0.662863,0.686722,0.686722,0.728216,0.791494,0.822614,0.822614
monge_119.jpg
0.0819502,0.100622,0.146266,0.174274,0.174274,0.204357,0.242739,0.242739,0.28527,0.33195,0.396266,0.425311,0.425311,0.459544,0.514523,0.558091,0.558091,0.603734,0.665975,0.715768,0.715768,0.745851,0.809129,0.840249,0.840249
monge_119bis.jpg
0.0746888,0.0746888,0.113071,0.125519,0.126556,0.180498,0.201245,0.201245,0.245851,0.301867,0.370332,0.390042,0.390042,0.438797,0.509336,0.532158,0.532158,0.575726,0.646266,0.672199,0.672199,0.715768,0.789419,0.812241,0.812241
monge_12.jpg
0.112033,0.135892,0.185685,0.201245,0.202282,0.235477,0.264523,0.264523,0.308091,0.35166,0.4139,0.443983,0.446058,0.482365,0.545643,0.569502,0.569502,0.615145,0.674274,0.674274,0.71888,0.766598,0.812241,0.838174,0.838174
monge_13.jpg
0.0985477,0.115145,0.179461,0.188797,0.188797,0.227178,0.261411,0.261411,0.306017,0.349585,0.399378,0.441909,0.443983,0.48029,0.525934,0.570539,0.570539,0.612033,0.661826,0.706432,0.707469,0.745851,0.809129,0.832988,0.832988
monge_14.jpg
0.109034,0.136033,0.185877,0.203531,0.203531,0.241952,0.275182,0.275182,0.316719,0.360332,0.421599,0.452752,0.45379,0.492212,0.559709,0.58567,0.58567,0.624091,0.682243,0.682243,0.728972,0.770509,0.817238,0.84216,0.843198
monge_15.jpg
0.0788382,0.093361,0.118257,0.158714,0.159751,0.190871,0.224066,0.224066,0.270747,0.31639,0.370332,0.4139,0.4139,0.44917,0.503112,0.55083,0.55083,0.587137,0.640041,0.640041,0.688797,0.731328,0.780083,0.829876,0.829876
monge_16.jpg
0.125649,0.140187,0.164071,0.19107,0.19107,0.229491,0.255452,0.255452,0.299065,0.336449,0.383178,0.423676,0.423676,0.456906,0.518172,0.557632,0.557632,0.589823,0.653167,0.70405,0.70405,0.732087,0.815161,0.815161,0.815161
monge_17.jpg
0.063278,0.0840249,0.0975104,0.128631,0.130705,0.170124,0.202282,0.202282,0.245851,0.298755,0.355809,0.390042,0.390042,0.430498,0.485477,0.53112,0.532158,0.570539,0.624481,0.675311,0.676349,0.71473,0.770747,0.815353,0.81639
monge_18.jpg
0.159751,0.173237,0.201245,0.232365,0.233402,0.26556,0.294606,0.294606,0.334025,0.374481,0.419087,0.456432,0.458506,0.490664,0.544606,0.587137,0.588174,0.620332,0.677386,0.677386,0.723029,0.757261,0.834025,0.834025,0.835062
monge_19.jpg
0.118257,0.127593,0.14834,0.182573,0.182573,0.225104,0.253112,0.253112,0.296681,0.346473,0.411826,0.439834,0.440871,0.477178,0.51556,0.571577,0.572614,0.614108,0.657676,0.657676,0.709544,0.748963,0.812241,0.848548,0.848548
monge_2.jpg
0.103734,0.130705,0.186722,0.195021,0.195021,0.227178,0.268672,0.268672,0.306017,0.34751,0.412863,0.429461,0.430498,0.478216,0.533195,0.571577,0.572614,0.609959,0.665975,0.665975,0.705394,0.746888,0.807054,0.826764,0.827801
monge_20.jpg
0.0943983,0.139004,0.191909,0.204357,0.205394,0.246888,0.271784,0.271784,0.307054,0.348548,0.394191,0.432573,0.432573,0.470954,0.513485,0.560166,0.561203,0.593361,0.641079,0.686722,0.686722,0.71888,0.78112,0.803942,0.804979
monge_21.jpg
0.0995851,0.0995851,0.136929,0.158714,0.159751,0.19917,0.23029,0.23029,0.278008,0.320539,0.372407,0.411826,0.411826,0.454357,0.502075,0.552905,0.554979,0.593361,0.644191,0.644191,0.690871,0.729253,0.789419,0.824689,0.825726
monge_23.jpg
0.109959,0.110996,0.112033,0.136929,0.137967,0.16805,0.198133,0.198133,0.246888,0.290456,0.356846,0.38278,0.383817,0.427386,0.492739,0.538382,0.539419,0.574689,0.639004,0.639004,0.685685,0.727178,0.791494,0.821577,0.822614
monge_24.jpg
0.128631,0.128631,0.15249,0.18361,0.184647,0.21888,0.244813,0.244813,0.292531,0.339212,0.401452,0.432573,0.432573,0.467842,0.53112,0.562241,0.562241,0.598548,0.641079,0.641079,0.689834,0.732365,0.791494,0.824689,0.824689
monge_25.jpg
0.0943983,0.105809,0.108921,0.141079,0.142116,0.176349,0.198133,0.198133,0.243776,0.296681,0.363071,0.390042,0.391079,0.432573,0.506224,0.532158,0.532158,0.577801,0.633817,0.634855,0.685685,0.727178,0.791494,0.807054,0.808091
monge_26.jpg
0.129668,0.130705,0.149378,0.150415,0.150415,0.181535,0.210581,0.210581,0.255187,0.30083,0.370332,0.393154,0.394191,0.438797,0.511411,0.53527,0.536307,0.58195,0.637967,0.698133,0.698133,0.731328,0.797718,0.824689,0.824689
monge_27.jpg
0.0746888,0.0954357,0.128631,0.162863,0.1639,0.197095,0.232365,0.232365,0.274896,0.315353,0.380705,0.403527,0.404564,0.447095,0.517635,0.537344,0.537344,0.5861,0.644191,0.644191,0.689834,0.732365,0.794606,0.818465,0.819502
monge_28.jpg
0.107884,0.113071,0.119295,0.119295,0.119295,0.156639,0.185685,0.185685,0.23444,0.282158,0.355809,0.381743,0.381743,0.424274,0.490664,0.534232,0.53527,0.572614,0.631743,0.631743,0.680498,0.728216,0.797718,0.825726,0.825726
monge_29.jpg
0.0788382,0.0788382,0.124481,0.151452,0.151452,0.180498,0.212656,0.212656,0.260373,0.308091,0.370332,0.399378,0.399378,0.442946,0.506224,0.542531,0.542531,0.58195,0.655602,0.688797,0.689834,0.723029,0.788382,0.822614,0.823651
monge_29bis.jpg
0.0892116,0.104772,0.133817,0.174274,0.174274,0.208506,0.243776,0.243776,0.286307,0.330913,0.401452,0.423237,0.424274,0.458506,0.511411,0.552905,0.553942,0.596473,0.64834,0.690871,0.692946,0.733402,0.797718,0.827801,0.827801
monge_3.jpg
0.133817,0.14834,0.215768,0.223029,0.223029,0.252075,0.287344,0.287344,0.327801,0.36722,0.412863,0.452282,0.453319,0.491701,0.547718,0.589212,0.589212,0.624481,0.68361,0.68361,0.727178,0.766598,0.818465,0.855809,0.856846
monge_30.jpg
0.0860996,0.090249,0.123444,0.149378,0.149378,0.192946,0.226141,0.226141,0.268672,0.317427,0.377593,0.403527,0.404564,0.440871,0.506224,0.530083,0.530083,0.571577,0.636929,0.681535,0.681535,0.711618,0.770747,0.799793,0.799793
monge_31.jpg
0.0892116,0.105809,0.11722,0.143154,0.143154,0.186722,0.220954,0.220954,0.264523,0.304979,0.36722,0.409751,0.410788,0.441909,0.504149,0.549793,0.549793,0.582988,0.646266,0.698133,0.700207,0.728216,0.793568,0.826764,0.826764
monge_32.jpg
0.143154,0.144191,0.193983,0.212656,0.213693,0.248963,0.274896,0.274896,0.314315,0.364108,0.428423,0.451245,0.451245,0.489627,0.554979,0.582988,0.582988,0.620332,0.674274,0.719917,0.719917,0.75,0.81639,0.846473,0.84751
monge_33.jpg
0.114108,0.118257,0.131743,0.174274,0.175311,0.202282,0.236515,0.236515,0.282158,0.322614,0.394191,0.41805,0.41805,0.452282,0.525934,0.552905,0.552905,0.589212,0.66805,0.696058,0.696058,0.732365,0.804979,0.840249,0.841286
monge_34.jpg
0.139004,0.170124,0.184647,0.184647,0.21888,0.26971,0.31639,0.358921,0.359958,0.396266,0.446058,0.486515,0.488589,0.523859,0.572614,0.616183,0.618257,0.649378,0.695021,0.695021,0.740664
monge_35.jpg
0.0746888,0.0798755,0.136929,0.160788,0.161826,0.207469,0.244813,0.244813,0.286307,0.344398,0.395228,0.43361,0.434647,0.474066,0.53527,0.570539,0.571577,0.610996,0.662863,0.662863,0.712656,0.75,0.815353,0.846473,0.84751
monge_36.jpg
0.114108,0.114108,0.151452,0.16805,0.16805,0.201245,0.23444,0.23444,0.283195,0.321577,0.393154,0.415975,0.417012,0.457469,0.524896,0.556017,0.557054,0.587137,0.635892,0.686722,0.686722,0.723029,0.793568,0.818465,0.818465
monge_37.jpg
0.100622,0.11722,0.155602,0.156639,0.156639,0.196058,0.226141,0.226141,0.270747,0.321577,0.385892,0.4139,0.4139,0.454357,0.522822,0.546681,0.548755,0.590249,0.658714,0.690871,0.691909,0.729253,0.789419,0.818465,0.820539
monge_38.jpg
0.113071,0.113071,0.14834,0.159751,0.160788,0.20332,0.227178,0.227178,0.275934,0.324689,0.394191,0.414938,0.417012,0.459544,0.53112,0.560166,0.560166,0.595436,0.640041,0.698133,0.698133,0.728216,0.799793,0.824689,0.825726
monge_39.jpg
0.115145,0.129668,0.173237,0.173237,0.173237,0.210581,0.240664,0.240664,0.28527,0.338174,0.381743,0.428423,0.428423,0.46888,0.537344,0.563278,0.564315,0.604772,0.673236,0.701245,0.702282,0.742739,0.803942,0.830913,0.830913
monge_4.jpg
0.114108,0.124481,0.186722,0.198133,0.19917,0.227178,0.264523,0.264523,0.304979,0.352697,0.419087,0.43361,0.434647,0.483402,0.528008,0.579876,0.579876,0.621369,0.674274,0.674274,0.71888,0.755187,0.817427,0.839212,0.839212
monge_40.jpg
0.108921,0.114108,0.154564,0.180498,0.181535,0.215768,0.23029,0.23029,0.274896,0.337137,0.397303,0.431535,0.432573,0.470954,0.520747,0.567427,0.568465,0.607884,0.660788,0.660788,0.708506,0.743776,0.802905,0.834025,0.834025
monge_41.jpg
0.0995851,0.109959,0.120332,0.15249,0.15249,0.184647,0.21473,0.21473,0.258299,0.312241,0.375519,0.405602,0.405602,0.443983,0.514523,0.542531,0.543568,0.5861,0.640041,0.686722,0.686722,0.725104,0.793568,0.825726,0.825726
monge_42.jpg
0.116183,0.121369,0.165975,0.188797,0.188797,0.223029,0.241701,0.241701,0.284232,0.349585,0.404564,0.438797,0.438797,0.48029,0.542531,0.573651,0.575726,0.618257,0.667012,0.667012,0.71473,0.748963,0.808091,0.840249,0.840249
monge_43.jpg
0.0975104,0.109959,0.124481,0.158714,0.159751,0.196058,0.226141,0.226141,0.270747,0.322614,0.387967,0.414938,0.414938,0.454357,0.520747,0.552905,0.552905,0.593361,0.645228,0.691909,0.691909,0.73029,0.792531,0.826764,0.827801
monge_44.jpg
0.0995851,0.103734,0.147303,0.171162,0.172199,0.210581,0.225104,0.225104,0.268672,0.329876,0.389004,0.419087,0.419087,0.466805,0.51556,0.564315,0.56639,0.608921,0.659751,0.659751,0.706432,0.744813,0.801867,0.839212,0.839212
monge_45.jpg
0.0860996,0.0892116,0.127593,0.137967,0.137967,0.174274,0.219917,0.266598,0.266598,0.297718,0.353734,0.40249,0.40249,0.434647,0.495851,0.544606,0.544606,0.573651,0.637967,0.686722,0.686722,0.715768,0.791494,0.819502,0.820539
monge_46.jpg
0.06639,0.0736515,0.127593,0.144191,0.145228,0.184647,0.208506,0.208506,0.253112,0.312241,0.378631,0.397303,0.397303,0.446058,0.517635,0.547718,0.548755,0.593361,0.645228,0.645228,0.691909,0.740664,0.795643,0.830913,0.83195
monge_47.jpg
0.0767635,0.093361,0.104772,0.134855,0.135892,0.176349,0.201245,0.201245,0.247925,0.301867,0.36722,0.387967,0.389004,0.436722,0.503112,0.529046,0.529046,0.567427,0.643154,0.670124,0.670124,0.709544,0.784232,0.810166,0.810166
monge_48.jpg
0.0788382,0.0798755,0.13278,0.150415,0.151452,0.193983,0.215768,0.215768,0.258299,0.314315,0.380705,0.414938,0.414938,0.44917,0.520747,0.55083,0.551867,0.594398,0.642116,0.642116,0.692946,0.731328,0.795643,0.827801,0.827801
monge_5.jpg
0.109959,0.136929,0.192946,0.20332,0.20332,0.238589,0.267635,0.267635,0.306017,0.356846,0.40249,0.445021,0.445021,0.485477,0.544606,0.576764,0.576764,0.623444,0.675311,0.675311,0.71888,0.757261,0.815353,0.840249,0.841286
monge_50.jpg
0.0819502,0.0860996,0.134855,0.155602,0.155602,0.195021,0.21888,0.21888,0.264523,0.321577,0.391079,0.419087,0.420124,0.462656,0.523859,0.562241,0.562241,0.60166,0.653527,0.653527,0.703319,0.738589,0.798755,0.834025,0.834025
monge_53.jpg
0.0985477,0.120332,0.156639,0.156639,0.156639,0.191909,0.226141,0.226141,0.267635,0.314315,0.375519,0.408714,0.408714,0.446058,0.507261,0.541494,0.542531,0.580913,0.656639,0.695021,0.695021,0.728216,0.786307,0.821577,0.822614
monge_54.jpg
0.0778008,0.10166,0.125519,0.164938,0.164938,0.195021,0.227178,0.227178,0.272822,0.327801,0.38278,0.41805,0.419087,0.465768,0.521784,0.559129,0.559129,0.608921,0.664938,0.701245,0.702282,0.739627,0.796681,0.834025,0.834025
monge_55.jpg
0.0788382,0.0881743,0.108921,0.137967,0.137967,0.176349,0.21473,0.21473,0.257261,0.303942,0.375519,0.40249,0.403527,0.442946,0.516598,0.539419,0.540456,0.582988,0.636929,0.689834,0.690871,0.723029,0.783195,0.815353,0.81639
monge_56.jpg
0.0674274,0.0757261,0.153527,0.171162,0.172199,0.227178,0.288382,0.340249,0.341286,0.378631,0.447095,0.496888,0.497925,0.536307,0.603734,0.655602,0.655602,0.691909,0.76556,0.798755,0.799793
monge_57.jpg
0.107884,0.123444,0.134855,0.171162,0.172199,0.209544,0.244813,0.244813,0.289419,0.335062,0.399378,0.429461,0.430498,0.46888,0.536307,0.565353,0.56639,0.605809,0.664938,0.713693,0.71473,0.746888,0.809129,0.841286,0.842324
monge_58.jpg
0.106846,0.143154,0.186722,0.186722,0.186722,0.263485,0.301867,0.324689,0.324689,0.383817,0.427386,0.445021,0.447095,0.508299,0.554979,0.570539,0.572614,0.631743,0.682573,0.698133,0.698133,0.757261,0.815353,0.821577,0.821577
monge_59.jpg
0.0591286,0.0622407,0.121369,0.145228,0.145228,0.18361,0.224066,0.224066,0.267635,0.312241,0.373444,0.406639,0.406639,0.446058,0.511411,0.540456,0.540456,0.582988,0.65249,0.682573,0.682573,0.725104,0.787344,0.815353,0.815353
monge_6.jpg
0.11722,0.134855,0.192946,0.201245,0.202282,0.228216,0.270747,0.270747,0.310166,0.352697,0.417012,0.43361,0.43361,0.48444,0.55083,0.573651,0.573651,0.621369,0.678423,0.678423,0.716805,0.753112,0.814315,0.837137,0.838174
monge_60.jpg
0.096473,0.115145,0.150415,0.150415,0.151452,0.181535,0.216805,0.216805,0.261411,0.309129,0.371369,0.411826,0.411826,0.445021,0.503112,0.549793,0.549793,0.585062,0.637967,0.637967,0.684647,0.726141,0.788382,0.818465,0.819502
monge_61.jpg
0.0871369,0.0943983,0.140042,0.16805,0.169087,0.205394,0.241701,0.241701,0.289419,0.332988,0.393154,0.427386,0.427386,0.46473,0.533195,0.56639,0.567427,0.608921,0.657676,0.657676,0.703319,0.741701,0.809129,0.839212,0.839212
monge_62.jpg
0.060166,0.06639,0.128631,0.129668,0.129668,0.176349,0.212656,0.258299,0.259336,0.298755,0.349585,0.399378,0.399378,0.437759,0.483402,0.541494,0.541494,0.579876,0.631743,0.631743,0.678423,0.71888,0.797718,0.818465,0.818465
monge_63.jpg
0.0757261,0.0995851,0.11722,0.150415,0.151452,0.18361,0.215768,0.215768,0.262448,0.310166,0.378631,0.400415,0.401452,0.445021,0.516598,0.542531,0.543568,0.587137,0.655602,0.686722,0.687759,0.726141,0.794606,0.824689,0.825726
monge_64.jpg
0.0414938,0.0497925,0.106846,0.114108,0.114108,0.157676,0.196058,0.239627,0.239627,0.282158,0.338174,0.38278,0.383817,0.422199,0.469917,0.51556,0.516598,0.565353,0.618257,0.618257,0.667012,0.705394,0.784232,0.813278,0.813278
monge_65.jpg
0.0767635,0.090249,0.141079,0.141079,0.141079,0.16805,0.207469,0.207469,0.25,0.30083,0.371369,0.394191,0.394191,0.442946,0.512448,0.532158,0.532158,0.577801,0.633817,0.633817,0.68361,0.723029,0.794606,0.815353,0.815353
monge_66.jpg
0.0840249,0.0840249,0.128631,0.128631,0.129668,0.172199,0.200207,0.200207,0.246888,0.295643,0.326763,0.381743,0.38278,0.417012,0.458506,0.508299,0.509336,0.553942,0.604772,0.655602,0.655602,0.691909,0.763485,0.791494,0.791494
monge_67.jpg
0.0954357,0.096473,0.126556,0.147303,0.147303,0.182573,0.215768,0.215768,0.262448,0.307054,0.372407,0.397303,0.39834,0.441909,0.509336,0.540456,0.540456,0.58195,0.640041,0.686722,0.686722,0.724066,0.791494,0.821577,0.822614
monge_68.jpg
0.0767635,0.0840249,0.100622,0.139004,0.140042,0.171162,0.193983,0.193983,0.239627,0.299793,0.371369,0.397303,0.39834,0.438797,0.513485,0.538382,0.538382,0.580913,0.640041,0.640041,0.689834,0.729253,0.797718,0.834025,0.835062
monge_69.jpg
0.0622407,0.063278,0.100622,0.126556,0.127593,0.169087,0.200207,0.200207,0.244813,0.297718,0.365145,0.391079,0.391079,0.435685,0.506224,0.53527,0.536307,0.58195,0.656639,0.686722,0.687759,0.727178,0.793568,0.824689,0.825726
monge_7.jpg
0.108921,0.110996,0.119295,0.119295,0.119295,0.136929,0.204357,0.205394,0.205394,0.238589,0.267635,0.267635,0.303942,0.356846,0.40249,0.441909,0.442946,0.483402,0.539419,0.580913,0.580913,0.619295,0.672199,0.672199,0.713693,0.755187,0.814315,0.837137,0.837137
monge_70.jpg
0.122407,0.237552,0.256224,0.299793,0.299793,0.35166,0.41805,0.440871,0.441909,0.479253,0.544606,0.572614,0.573651,0.614108,0.662863,0.662863,0.711618,0.744813,0.808091,0.839212,0.839212
monge_71.jpg
0.0570539,0.0767635,0.102697,0.136929,0.139004,0.172199,0.211618,0.211618,0.254149,0.303942,0.375519,0.399378,0.400415,0.438797,0.51556,0.544606,0.544606,0.584025,0.643154,0.680498,0.680498,0.733402,0.801867,0.8361,0.8361
monge_72.jpg
0.0746888,0.0892116,0.105809,0.136929,0.137967,0.176349,0.205394,0.205394,0.25,0.30083,0.374481,0.393154,0.395228,0.438797,0.518672,0.538382,0.540456,0.578838,0.635892,0.635892,0.68361,0.73029,0.795643,0.830913,0.830913
monge_73.jpg
0.114108,0.126556,0.14834,0.180498,0.180498,0.227178,0.252075,0.252075,0.298755,0.343361,0.400415,0.429461,0.429461,0.479253,0.53112,0.564315,0.56639,0.614108,0.655602,0.655602,0.703319,0.748963,0.806017,0.830913,0.83195
monge_74.jpg
0.0674274,0.0767635,0.0975104,0.137967,0.137967,0.176349,0.20332,0.20332,0.25,0.303942,0.369295,0.397303,0.39834,0.443983,0.510373,0.541494,0.541494,0.585062,0.655602,0.688797,0.688797,0.73029,0.793568,0.813278,0.813278
monge_75.jpg
0.107884,0.107884,0.15249,0.174274,0.174274,0.216805,0.247925,0.247925,0.294606,0.338174,0.403527,0.429461,0.431535,0.471992,0.538382,0.570539,0.570539,0.602697,0.673236,0.702282,0.703319,0.740664,0.80083,0.83195,0.83195
monge_76.jpg
0.109959,0.116183,0.124481,0.159751,0.159751,0.189834,0.223029,0.223029,0.26971,0.312241,0.379668,0.40249,0.40249,0.448133,0.516598,0.538382,0.539419,0.587137,0.639004,0.682573,0.682573,0.729253,0.792531,0.818465,0.818465
monge_77.jpg
0.0404564,0.060166,0.0923237,0.127593,0.128631,0.162863,0.192946,0.192946,0.242739,0.284232,0.321577,0.376556,0.378631,0.41805,0.477178,0.530083,0.530083,0.564315,0.628631,0.628631,0.676349,0.711618,0.788382,0.813278,0.813278
monge_78.jpg
0.0860996,0.0954357,0.106846,0.135892,0.136929,0.173237,0.208506,0.208506,0.255187,0.301867,0.369295,0.390042,0.390042,0.438797,0.509336,0.530083,0.53112,0.576764,0.651452,0.677386,0.677386,0.719917,0.795643,0.822614,0.823651
monge_79.jpg
0.0788382,0.0788382,0.120332,0.135892,0.135892,0.179461,0.208506,0.208506,0.253112,0.302905,0.366183,0.397303,0.39834,0.442946,0.509336,0.546681,0.546681,0.587137,0.634855,0.634855,0.690871,0.726141,0.795643,0.830913,0.830913
monge_79bis.jpg
0.123444,0.123444,0.154564,0.177386,0.177386,0.215768,0.241701,0.241701,0.28527,0.33195,0.391079,0.423237,0.424274,0.463693,0.524896,0.559129,0.559129,0.59751,0.647303,0.647303,0.695021,0.733402,0.794606,0.828838,0.828838
monge_8.jpg
0.107884,0.127593,0.176349,0.195021,0.196058,0.229253,0.261411,0.261411,0.301867,0.344398,0.407676,0.436722,0.437759,0.477178,0.545643,0.569502,0.570539,0.609959,0.672199,0.672199,0.719917,0.753112,0.809129,0.8361,0.8361
monge_80.jpg
0.112033,0.112033,0.137967,0.174274,0.174274,0.209544,0.247925,0.247925,0.293568,0.337137,0.397303,0.430498,0.431535,0.470954,0.534232,0.567427,0.567427,0.603734,0.673236,0.706432,0.706432,0.741701,0.809129,0.837137,0.838174
monge_81.jpg
0.0860996,0.0871369,0.116183,0.137967,0.139004,0.177386,0.204357,0.204357,0.246888,0.295643,0.357884,0.384855,0.384855,0.432573,0.496888,0.530083,0.530083,0.570539,0.620332,0.620332,0.66805,0.710581,0.775934,0.811203,0.811203
monge_82.jpg
0.090249,0.090249,0.140042,0.150415,0.150415,0.189834,0.21888,0.21888,0.264523,0.31639,0.376556,0.405602,0.406639,0.450207,0.513485,0.552905,0.552905,0.592324,0.661826,0.695021,0.695021,0.737552,0.799793,0.829876,0.830913
monge_83.jpg
0.0943983,0.112033,0.172199,0.172199,0.172199,0.210581,0.242739,0.242739,0.286307,0.334025,0.401452,0.424274,0.425311,0.461618,0.534232,0.562241,0.562241,0.59751,0.6639,0.696058,0.697095,0.735477,0.808091,0.83195,0.832988
monge_86.jpg
0.0529046,0.0529046,0.107884,0.119295,0.119295,0.156639,0.188797,0.188797,0.235477,0.289419,0.353734,0.38278,0.383817,0.429461,0.5,0.530083,0.530083,0.575726,0.650415,0.68361,0.68361,0.721992,0.788382,0.815353,0.81639
monge_87.jpg
0.0674274,0.0923237,0.16805,0.169087,0.169087,0.228216,0.301867,0.328838,0.328838,0.380705,0.459544,0.487552,0.487552,0.539419,0.616183,0.646266,0.646266,0.700207,0.782158,0.807054,0.808091
monge_9.jpg
0.131743,0.144191,0.164938,0.19917,0.200207,0.231328,0.261411,0.261411,0.30083,0.346473,0.409751,0.43361,0.43361,0.475104,0.545643,0.567427,0.567427,0.608921,0.672199,0.672199,0.715768,0.755187,0.818465,0.842324,0.842324
monge_91.jpg
0.0954357,0.110996,0.188797,0.188797,0.189834,0.252075,0.329876,0.354772,0.355809,0.408714,0.486515,0.512448,0.513485,0.564315,0.640041,0.66805,0.66805,0.715768,0.789419,0.818465,0.818465
monge_96.jpg
0.0912863,0.110996,0.180498,0.180498,0.181535,0.252075,0.321577,0.348548,0.349585,0.392116,0.46473,0.495851,0.495851,0.536307,0.598548,0.650415,0.650415,0.681535,0.753112,0.783195,0.784232
monge_97.jpg
0,0.0176349,0.0892116,0.0975104,0.0975104,0.142116,0.171162,0.171162,0.21888,0.272822,0.345436,0.378631,0.378631,0.419087,0.498963,0.523859,0.524896,0.567427,0.63278,0.63278,0.679461,0.717842,0.796681,0.821577,0.821577
monge_99.jpg
0.0684647,0.0788382,0.114108,0.149378,0.149378,0.190871,0.223029,0.223029,0.264523,0.310166,0.376556,0.408714,0.408714,0.447095,0.514523,0.544606,0.545643,0.587137,0.657676,0.695021,0.696058,0.73029,0.789419,0.822614,0.823651
