monge_1.jpg
0.126556,0.224066,0.322614,0.462656,0.593361,0.725104,0.846473
monge_10.jpg
0.110996,0.20332,0.309129,0.442946,0.577801,0.727178,0.842324
monge_101.jpg
0.105919,0.203531,0.305296,0.441329,0.573209,0.703011,0.833853
monge_102.jpg
0.0788382,0.147303,0.241701,0.369295,0.511411,0.675311,0.817427
monge_103.jpg
0.107884,0.184647,0.293568,0.442946,0.571577,0.724066,0.843361
monge_104.jpg
0.0715768,0.133817,0.238589,0.363071,0.5,0.654564,0.793568
monge_105.jpg
0.102697,0.158714,0.273859,0.41805,0.559129,0.706432,0.839212
monge_106.jpg
0.060166,0.129668,0.237552,0.385892,0.530083,0.676349,0.818465
monge_107.jpg
0.090249,0.173237,0.283195,0.429461,0.562241,0.708506,0.846473
monge_108.jpg
0.0975104,0.182573,0.287344,0.411826,0.547718,0.687759,0.826764
monge_11.jpg
0.0684647,0.153527,0.26556,0.407676,0.542531,0.682573,0.813278
monge_110.jpg
0.0757261,0.161826,0.271784,0.405602,0.547718,0.685685,0.822614
monge_111.jpg
0.0829876,0.15249,0.258299,0.40249,0.551867,0.696058,0.828838
monge_112.jpg
0.0591286,0.149378,0.262448,0.394191,0.536307,0.677386,0.821577
monge_114.jpg
0.0840249,0.174274,0.28527,0.420124,0.553942,0.686722,0.823651
monge_115.jpg
0.0829876,0.182573,0.287344,0.424274,0.561203,0.710581,0.837137
monge_117.jpg
0.0591286,0.146266,0.264523,0.410788,0.549793,0.691909,0.829876
monge_118.jpg
0.0860996,0.174274,0.282158,0.414938,0.55083,0.686722,0.821577
monge_119.jpg
0.0819502,0.178423,0.28527,0.425311,0.560166,0.710581,0.842324
monge_119bis.jpg
0.0746888,0.144191,0.248963,0.391079,0.533195,0.672199,0.813278
monge_12.jpg
0.112033,0.205394,0.308091,0.445021,0.565353,0.71888,0.842324
monge_13.jpg
0.0985477,0.189834,0.308091,0.440871,0.576764,0.705394,0.830913
monge_14.jpg
0.109034,0.209761,0.316719,0.454829,0.587747,0.728972,0.84216
monge_15.jpg
0.0788382,0.160788,0.266598,0.4139,0.549793,0.690871,0.828838
monge_16.jpg
0.125649,0.203531,0.300104,0.426791,0.558671,0.703011,0.815161
monge_17.jpg
0.063278,0.140042,0.248963,0.393154,0.533195,0.677386,0.817427
monge_18.jpg
0.159751,0.243776,0.337137,0.459544,0.587137,0.721992,0.834025
monge_19.jpg
0.118257,0.184647,0.297718,0.443983,0.574689,0.707469,0.84751
monge_2.jpg
0.103734,0.196058,0.307054,0.429461,0.572614,0.706432,0.827801
monge_20.jpg
0.0943983,0.216805,0.312241,0.43361,0.557054,0.687759,0.803942
monge_21.jpg
0.0995851,0.169087,0.280083,0.417012,0.548755,0.691909,0.825726
monge_23.jpg
0.109959,0.246888,0.386929,0.540456,0.687759,0.830913
monge_24.jpg
0.128631,0.187759,0.290456,0.431535,0.565353,0.690871,0.824689
monge_25.jpg
0.0943983,0.143154,0.242739,0.390042,0.532158,0.684647,0.820539
monge_26.jpg
0.130705,0.149378,0.253112,0.394191,0.539419,0.693983,0.822614
monge_27.jpg
0.0746888,0.171162,0.274896,0.404564,0.538382,0.689834,0.820539
monge_28.jpg
0.107884,0.129668,0.236515,0.389004,0.534232,0.686722,0.826764
monge_29.jpg
0.0788382,0.151452,0.263485,0.401452,0.545643,0.689834,0.824689
monge_29bis.jpg
0.0892116,0.182573,0.287344,0.425311,0.553942,0.693983,0.825726
monge_3.jpg
0.133817,0.227178,0.326763,0.454357,0.591286,0.728216,0.854772
monge_30.jpg
0.0860996,0.158714,0.268672,0.403527,0.530083,0.682573,0.798755
monge_31.jpg
0.0892116,0.149378,0.264523,0.410788,0.551867,0.700207,0.827801
monge_32.jpg
0.143154,0.220954,0.317427,0.454357,0.582988,0.720954,0.84751
monge_33.jpg
0.114108,0.177386,0.283195,0.41805,0.552905,0.695021,0.842324
monge_34.jpg
0.139004,0.155602,0.220954,0.358921,0.488589,0.618257,0.741701
monge_35.jpg
0.0746888,0.169087,0.287344,0.436722,0.568465,0.713693,0.849585
monge_36.jpg
0.114108,0.177386,0.283195,0.420124,0.570539,0.691909,0.824689
monge_37.jpg
0.100622,0.16805,0.288382,0.429461,0.554979,0.705394,0.825726
monge_38.jpg
0.113071,0.164938,0.274896,0.419087,0.561203,0.698133,0.825726
monge_39.jpg
0.115145,0.182573,0.288382,0.428423,0.564315,0.705394,0.830913
monge_4.jpg
0.114108,0.200207,0.306017,0.437759,0.580913,0.71888,0.837137
monge_40.jpg
0.108921,0.18361,0.280083,0.435685,0.571577,0.708506,0.83195
monge_41.jpg
0.0995851,0.155602,0.261411,0.405602,0.545643,0.688797,0.826764
monge_42.jpg
0.116183,0.188797,0.290456,0.442946,0.576764,0.717842,0.841286
monge_43.jpg
0.0975104,0.1639,0.268672,0.415975,0.554979,0.692946,0.826764
monge_44.jpg
0.0995851,0.172199,0.26971,0.419087,0.563278,0.707469,0.840249
monge_45.jpg
0.0860996,0.147303,0.267635,0.40249,0.544606,0.688797,0.821577
monge_46.jpg
0.06639,0.147303,0.254149,0.399378,0.548755,0.695021,0.829876
monge_47.jpg
0.0767635,0.146266,0.252075,0.390042,0.532158,0.672199,0.811203
monge_48.jpg
0.0788382,0.153527,0.262448,0.415975,0.553942,0.695021,0.839212
monge_5.jpg
0.109959,0.207469,0.306017,0.447095,0.585062,0.719917,0.842324
monge_50.jpg
0.0819502,0.158714,0.266598,0.422199,0.564315,0.702282,0.8361
monge_53.jpg
0.0985477,0.164938,0.270747,0.41805,0.552905,0.702282,0.824689
monge_54.jpg
0.0778008,0.165975,0.287344,0.424274,0.565353,0.707469,0.838174
monge_55.jpg
0.0788382,0.151452,0.263485,0.411826,0.542531,0.693983,0.818465
monge_56.jpg
0.0674274,0.18361,0.343361,0.502075,0.658714,0.806017
monge_57.jpg
0.107884,0.18361,0.292531,0.435685,0.577801,0.715768,0.843361
monge_58.jpg
0.106846,0.189834,0.319502,0.447095,0.575726,0.704357,0.826764
monge_59.jpg
0.0591286,0.156639,0.272822,0.412863,0.547718,0.695021,0.819502
monge_6.jpg
0.11722,0.210581,0.315353,0.435685,0.577801,0.723029,0.843361
monge_60.jpg
0.096473,0.156639,0.264523,0.415975,0.554979,0.689834,0.817427
monge_61.jpg
0.0871369,0.174274,0.289419,0.436722,0.56639,0.710581,0.845436
monge_62.jpg
0.060166,0.137967,0.266598,0.400415,0.543568,0.682573,0.821577
monge_63.jpg
0.0757261,0.1639,0.26971,0.406639,0.545643,0.702282,0.829876
monge_64.jpg
0.0414938,0.118257,0.246888,0.383817,0.520747,0.672199,0.81639
monge_65.jpg
0.0767635,0.14834,0.256224,0.410788,0.55083,0.686722,0.821577
monge_66.jpg
0.0840249,0.151452,0.25,0.385892,0.511411,0.658714,0.794606
monge_67.jpg
0.096473,0.155602,0.26556,0.399378,0.540456,0.689834,0.826764
monge_68.jpg
0.0767635,0.143154,0.241701,0.401452,0.541494,0.690871,0.828838
monge_69.jpg
0.063278,0.135892,0.251037,0.396266,0.539419,0.691909,0.828838
monge_7.jpg
0.108921,0.209544,0.309129,0.447095,0.582988,0.719917,0.841286
monge_70.jpg
0.122407,0.223029,0.306017,0.448133,0.574689,0.715768,0.843361
monge_71.jpg
0.0570539,0.144191,0.262448,0.404564,0.549793,0.692946,0.839212
monge_72.jpg
0.0746888,0.146266,0.254149,0.39834,0.544606,0.688797,0.835062
monge_73.jpg
0.114108,0.186722,0.302905,0.437759,0.573651,0.709544,0.838174
monge_74.jpg
0.0674274,0.142116,0.260373,0.403527,0.546681,0.693983,0.818465
monge_75.jpg
0.107884,0.185685,0.299793,0.436722,0.573651,0.708506,0.834025
monge_76.jpg
0.109959,0.16805,0.272822,0.407676,0.546681,0.693983,0.822614
monge_77.jpg
0.0404564,0.130705,0.244813,0.385892,0.536307,0.680498,0.818465
monge_78.jpg
0.0860996,0.14834,0.257261,0.395228,0.538382,0.679461,0.823651
monge_79.jpg
0.0788382,0.146266,0.257261,0.401452,0.547718,0.692946,0.835062
monge_79bis.jpg
0.123444,0.186722,0.293568,0.428423,0.563278,0.702282,0.835062
monge_8.jpg
0.107884,0.19917,0.302905,0.439834,0.572614,0.723029,0.840249
monge_80.jpg
0.112033,0.179461,0.298755,0.43361,0.571577,0.711618,0.841286
monge_81.jpg
0.0871369,0.146266,0.248963,0.391079,0.532158,0.674274,0.813278
monge_82.jpg
0.090249,0.158714,0.270747,0.410788,0.559129,0.702282,0.837137
monge_83.jpg
0.0943983,0.180498,0.287344,0.427386,0.562241,0.700207,0.832988
monge_86.jpg
0.0529046,0.125519,0.241701,0.384855,0.53527,0.684647,0.817427
monge_87.jpg
0.0674274,0.173237,0.332988,0.490664,0.650415,0.810166
monge_9.jpg
0.131743,0.206432,0.306017,0.438797,0.570539,0.720954,0.845436
monge_91.jpg
0.0954357,0.202282,0.359958,0.51971,0.674274,0.825726
monge_96.jpg
0.0912863,0.201245,0.352697,0.496888,0.65249,0.787344
monge_97.jpg
0,0.104772,0.219917,0.377593,0.525934,0.68361,0.825726
monge_99.jpg
0.0684647,0.159751,0.267635,0.410788,0.551867,0.702282,0.826764
